$ANSIBLE_VAULT;1.1;AES256
64363837386465396535646133613233633738373531333836666664363139613434306137383536
6638616464613764633437326365326533303038366233300a633361373530663563633861353637
64336534363335666661356434393430613138303766316533666338623238336232343761626562
3831343330316539330a336636613163313336363037386638373433663831646435643133623135
32303536333234656132363735343332366430336266333631383835363966643661303364383531
31643362633038323563643034323231653431613235633362313639363866323038346562383339
34343735343830323766303636653739666166333436323338353130373761636130303637623832
38316539336537666438373165623937666538613834393538653536333138356461666337323961
39646330386536656133323939646163343965643934313538303538646663303433383339343562
64316164303531653937633165323330393063326337636562663634316166616463346530643431
373437343534663732313838613561313236
