$ANSIBLE_VAULT;1.1;AES256
66666634373866646130613339616138316532633332303262303931653334616235376232333736
6433313238393531343937663931663834636434666262650a626436343566643263336464626131
61376633353535323964373462633435663036633566363539326332636536623834303335343939
3261613065663466340a323631386132326131616237373962636431646538323334323762383336
66653937383464333537613065323464626261643035313436343263353736323762343335653764
31323561616139636263383833336163653037383361646666646261393635656662663339656462
38626637636261393862626539623530643834633765643339333035623933323866363062306366
62356339313161663466343036333830303139626138643264373639383537353232663039633836
30343133393361383239346533323166373861326462613230356466616665336539303731396538
66316633353433316631303865313933373334666666623930653365326435316230303231333662
61363662383433643037653435656339323133643464313433646231336132346536343064616263
65663830613830316461313239316635316366616465333666383364363366366638316138363462
33653664613930383038333234653365383931323432383261336634653764333430376639393631
63313333326263643133386663326164633931326337643337346161636534316139386634326536
35636238363932383235383964656632393337346638303562653736613335613666326566663931
30633732343061343137336330663730386263326464613162306565663439626236333431666132
35313231653235323438333030336363383237326566316337326461343632613537333361346637
32323732663430643238646636663233396435616334326133343463336431323362633730306162
66663763666130626535343732613430373462343536643535326238393433303737373466356463
36636137616361306139386335613639653930663132393133333238643665623637383639643064
39393739366666643737353363303036643838653233363133613966616330316435363166346364
35333434326231353430396133336361646334613464316230623438336536616437353165323665
36363363623064376664363864303166643432336564333565323963363265313634373133663139
31383531323930653962366634366538356235393138656666616365663536303633643537303861
37666635393133393133623430343833613730343133366135343630613735373436373239313131
63396335623837616261373435373733633635333062396365393465363932396264666436633032
35303433353332643161643438336463393962636236366335313930353130326231336438303662
65326636653030353930623966333666383261356330613434373235333161626230623939623938
66343331303838373562306438393239623539623763646663623435376430666334313731626432
66353138326266326133613364653562386139393263613535353536633135373835303565663033
61663435613335663364613930323066323065316366363837653832343835643739353132303064
36363934386238633163306231313537393838653334643531643534623436333834396466316664
62663730353561356361646437353931623731376536303435663131306666636164613236303636
65643832353534363861623837343836363032653066366634333263636430653164353438373265
31323931623939366637376237376532613233373135656364336334313137376563343638306632
65323665343931646265396136353561633666313365613335333461656666653436383139623430
32373366303864396136323164396339353830353932613266383336323333666337303339303764
64623136343463653936643261623638353133633264643066346333623839303763623030303835
32306537653666653465343036666336383637306639303234653535393835366433653063633464
64356139373835633836643733363462393665356332313162323765663732643035343162373434
36613866636265303936646233613439323461393038376464386137616636613062616566666564
62303765313630383331623931396664643866323536303734636363313365393738643835326231
64393965346538386130366362653839316564333364623433623861646561373164373661666464
35653063326562636538643537393663656639623261383133333433343532393333386638663564
65623430613132666535323135343131326138646164366166613430323436663036646535363930
37343035653838383130363930643134356339396633353938623137313733636239646332623132
66343662663132623266343337356132616262646331363561303962633933326364346466313463
33326435653233386633346137313365303533386139666335303337653136383330333764333435
66316236383362363865303431353363663137383435323262646533613030623035396465376637
35373763373132613534353665633866643061373835333030353639613963376166316163313032
65666138633034643764663536616334613166393132366135643663666638366536653861663638
32303338636635666662356366393136616261326238366562373933333365323763316333326436
36396664346661373935313638396330356638613662303266396134303330396531336266376336
38383832366131636563663466636134326639316332393436643932323538613034326638303238
64313132656232366633646165346134313433363736633564643734383566323061346537616630
31613838336663663337343835366664623438333764623764613663363031613937393066636536
63326365333334373264333239383266656639306335336532373035306561306464323633313334
66316535393935336661306434323531653539303536663239356533366666373663316364396635
36303336653661633762623435346231656236353030643931316532613338623838316462373661
39626435356665333066383530333637663938353531316637356238396662363430353664366336
37663365386433373833616164313033613265613162333939386439313261306432343966323436
63306163323164656338386232326339663237623237653234663762613466636466653634653233
39306535306666626132336130303537663133306237663835653262653934386536316331646133
37666132376238633836646639303331353565643635393262336238643737366230363330323537
30313265366437303962313164383131323732393432333861353563363935376637383935613730
30326437346236316237363331393136333138613531343036303262323863353263363830303535
38313534343034633665643330343064333037353332613966303435343538323736636464616630
63363338643334353264613539346664376237373161643638333636613131623433303066323938
33353162663665333963656238333366306339336339383663643936333131613731306566646266
36373935393137393061643764383738623934616130343730353030346235626233383230346636
36376431373534333561313636373664346636663366663563626261653734383033363333363032
35626364376563666330656564366235663838313837373766303035393931333963333766633832
34383338376530626530343863373362663164346563613937396464636532633234323636623534
35646338393235346563663433346438316236303330353830666566366139633364626239323438
64303436653264326135663535306265376264636430333637613130663764663466343938363136
34376237656638646232663462666631393031306464643762663633613430343836386462396566
62393832386236633936336136333632653331613130313265326139613439636138303162323237
31333335666335643737626431386539653234393330666162333536366632363333636532313636
33333563386637376632613733393763386231363830623432303038383631336163626132643535
65643531336639626561626536626330356231653439666639633864393931336664663034613464
32643430393230646562313234343339383031336262653364303237303732336163366134346335
37663664366366633230373530336563313030353637643061373231356261326465643734633030
38353764343663333762663239656164333730643136326163326630623638633937323464376238
33613535343233663362313839653533653639646638363465313738393838643464323931306437
64383530303830366435313634623261663663376331623838643938383137343563313631373130
31336537623066666630633133373935303332653530613665633636336666323532376166343165
32643337303237356164623965636363666363626561646237313064303235346630303966646331
64653564343066623335
